{
 "cells": [
  {
   "cell_type": "code",
   "execution_count": 2,
   "metadata": {},
   "outputs": [],
   "source": [
    "import numpy as np\n",
    "\n",
    "from sympy import *\n",
    "init_printing(use_latex=True)\n",
    "\n",
    "import scipy.spatial.distance as ssd\n",
    "\n",
    "import matplotlib.pyplot as plt\n",
    "%matplotlib inline"
   ]
  },
  {
   "cell_type": "markdown",
   "metadata": {},
   "source": [
    "### Problem 1"
   ]
  },
  {
   "cell_type": "code",
   "execution_count": 45,
   "metadata": {},
   "outputs": [
    {
     "name": "stdout",
     "output_type": "stream",
     "text": [
      "L1 norm =  15\n",
      "L2 norm =  9.643650760992955\n"
     ]
    }
   ],
   "source": [
    "x = np.array([5,2,8])\n",
    "\n",
    "l1_norm = np.sum(abs(x)) # l1 norm \n",
    "\n",
    "l2_norm = np.sqrt(np.dot(x,x)) # l2 norm\n",
    "\n",
    "def mynorm(vec, P): # function to do both\n",
    "    return pow(np.sum(pow(abs(vec),P)),1/P)\n",
    "\n",
    "print('L1 norm = ',l1_norm)\n",
    "print('L2 norm = ',l2_norm)"
   ]
  },
  {
   "cell_type": "markdown",
   "metadata": {},
   "source": [
    "### Problem 2"
   ]
  },
  {
   "cell_type": "code",
   "execution_count": 50,
   "metadata": {},
   "outputs": [
    {
     "name": "stdout",
     "output_type": "stream",
     "text": [
      "Euclidean distance: 7.280110\n",
      "Cosine distance: 0.251730\n"
     ]
    }
   ],
   "source": [
    "y = np.array([1,3,2])\n",
    "\n",
    "print('Euclidean distance: %f'%ssd.euclidean(x,y))\n",
    "print('Cosine distance: %f'%ssd.cosine(x,y))"
   ]
  },
  {
   "cell_type": "markdown",
   "metadata": {},
   "source": [
    "### Problem 3"
   ]
  },
  {
   "cell_type": "code",
   "execution_count": 95,
   "metadata": {},
   "outputs": [
    {
     "data": {
      "text/latex": [
       "$$\\left[\\begin{matrix}1 & 2 & 3\\\\4 & 5 & 6\\\\7 & 8 & 9\\\\10 & 11 & 12\\\\13 & 14 & 15\\end{matrix}\\right]$$"
      ],
      "text/plain": [
       "⎡1   2   3 ⎤\n",
       "⎢          ⎥\n",
       "⎢4   5   6 ⎥\n",
       "⎢          ⎥\n",
       "⎢7   8   9 ⎥\n",
       "⎢          ⎥\n",
       "⎢10  11  12⎥\n",
       "⎢          ⎥\n",
       "⎣13  14  15⎦"
      ]
     },
     "execution_count": 95,
     "metadata": {},
     "output_type": "execute_result"
    }
   ],
   "source": [
    "\n",
    "A = np.array([[1,2,3],[4,5,6],[7,8,9],[10,11,12],[13,14,15]])\n",
    "Matrix(A)\n"
   ]
  },
  {
   "cell_type": "markdown",
   "metadata": {},
   "source": [
    "### Problem 4"
   ]
  },
  {
   "cell_type": "code",
   "execution_count": 64,
   "metadata": {},
   "outputs": [
    {
     "data": {
      "text/latex": [
       "$$\\left[\\begin{matrix}1 & 2 & 3\\\\4 & 5 & 6\\\\7 & 8 & 9\\\\10 & 11 & 12\\\\13 & 14 & 15\\end{matrix}\\right] \\left[\\begin{matrix}5 & 2 & 8\\end{matrix}\\right] = \\left[\\begin{matrix}33\\\\78\\\\123\\\\168\\\\213\\end{matrix}\\right]$$"
      ],
      "text/plain": [
       "⎡1   2   3 ⎤             ⎡33 ⎤\n",
       "⎢          ⎥             ⎢   ⎥\n",
       "⎢4   5   6 ⎥             ⎢78 ⎥\n",
       "⎢          ⎥             ⎢   ⎥\n",
       "⎢7   8   9 ⎥⋅[5  2  8] = ⎢123⎥\n",
       "⎢          ⎥             ⎢   ⎥\n",
       "⎢10  11  12⎥             ⎢168⎥\n",
       "⎢          ⎥             ⎢   ⎥\n",
       "⎣13  14  15⎦             ⎣213⎦"
      ]
     },
     "execution_count": 64,
     "metadata": {},
     "output_type": "execute_result"
    }
   ],
   "source": [
    "Eq(Mul(Matrix(A),Matrix(x).T,evaluate=False),\n",
    "Matrix(np.dot(A,x.T)),evaluate=False)"
   ]
  },
  {
   "cell_type": "code",
   "execution_count": 65,
   "metadata": {},
   "outputs": [
    {
     "data": {
      "text/latex": [
       "$$\\left[\\begin{matrix}1 & 2 & 3\\\\4 & 5 & 6\\\\7 & 8 & 9\\\\10 & 11 & 12\\\\13 & 14 & 15\\end{matrix}\\right] \\left[\\begin{matrix}1 & 3 & 2\\end{matrix}\\right] = \\left[\\begin{matrix}13\\\\31\\\\49\\\\67\\\\85\\end{matrix}\\right]$$"
      ],
      "text/plain": [
       "⎡1   2   3 ⎤             ⎡13⎤\n",
       "⎢          ⎥             ⎢  ⎥\n",
       "⎢4   5   6 ⎥             ⎢31⎥\n",
       "⎢          ⎥             ⎢  ⎥\n",
       "⎢7   8   9 ⎥⋅[1  3  2] = ⎢49⎥\n",
       "⎢          ⎥             ⎢  ⎥\n",
       "⎢10  11  12⎥             ⎢67⎥\n",
       "⎢          ⎥             ⎢  ⎥\n",
       "⎣13  14  15⎦             ⎣85⎦"
      ]
     },
     "execution_count": 65,
     "metadata": {},
     "output_type": "execute_result"
    }
   ],
   "source": [
    "Eq(Mul(Matrix(A),Matrix(y).T,evaluate=False),\n",
    "Matrix(np.dot(A,y.T)),evaluate=False)"
   ]
  },
  {
   "cell_type": "markdown",
   "metadata": {},
   "source": [
    "### Problem 5"
   ]
  },
  {
   "cell_type": "code",
   "execution_count": 68,
   "metadata": {},
   "outputs": [
    {
     "data": {
      "text/latex": [
       "$$\\left[\\begin{matrix}1 & 2 & 3\\\\4 & 5 & 6\\\\7 & 8 & 9\\\\10 & 11 & 12\\\\13 & 14 & 15\\end{matrix}\\right] \\left[\\begin{matrix}1 & 2 & 3 & 4\\\\5 & 6 & 7 & 8\\\\9 & 10 & 11 & 12\\end{matrix}\\right] = \\left[\\begin{matrix}38 & 44 & 50 & 56\\\\83 & 98 & 113 & 128\\\\128 & 152 & 176 & 200\\\\173 & 206 & 239 & 272\\\\218 & 260 & 302 & 344\\end{matrix}\\right]$$"
      ],
      "text/plain": [
       "⎡1   2   3 ⎤                   ⎡38   44   50   56 ⎤\n",
       "⎢          ⎥                   ⎢                  ⎥\n",
       "⎢4   5   6 ⎥ ⎡1  2   3   4 ⎤   ⎢83   98   113  128⎥\n",
       "⎢          ⎥ ⎢             ⎥   ⎢                  ⎥\n",
       "⎢7   8   9 ⎥⋅⎢5  6   7   8 ⎥ = ⎢128  152  176  200⎥\n",
       "⎢          ⎥ ⎢             ⎥   ⎢                  ⎥\n",
       "⎢10  11  12⎥ ⎣9  10  11  12⎦   ⎢173  206  239  272⎥\n",
       "⎢          ⎥                   ⎢                  ⎥\n",
       "⎣13  14  15⎦                   ⎣218  260  302  344⎦"
      ]
     },
     "execution_count": 68,
     "metadata": {},
     "output_type": "execute_result"
    }
   ],
   "source": [
    "B = np.array([[1,2,3,4],[5,6,7,8],[9,10,11,12]])\n",
    "Eq(Mul(Matrix(A),Matrix(B),evaluate=False),\n",
    "Matrix(np.dot(A,B)),evaluate=False)"
   ]
  },
  {
   "cell_type": "markdown",
   "metadata": {},
   "source": [
    "### Problem 6"
   ]
  },
  {
   "cell_type": "code",
   "execution_count": 72,
   "metadata": {},
   "outputs": [
    {
     "data": {
      "text/latex": [
       "$$\\left[\\begin{matrix}0.0 & 5.19615242270663 & 10.3923048454133 & 15.5884572681199 & 20.7846096908265\\\\5.19615242270663 & 0.0 & 5.19615242270663 & 10.3923048454133 & 15.5884572681199\\\\10.3923048454133 & 5.19615242270663 & 0.0 & 5.19615242270663 & 10.3923048454133\\\\15.5884572681199 & 10.3923048454133 & 5.19615242270663 & 0.0 & 5.19615242270663\\\\20.7846096908265 & 15.5884572681199 & 10.3923048454133 & 5.19615242270663 & 0.0\\end{matrix}\\right]$$"
      ],
      "text/plain": [
       "⎡      0.0         5.19615242270663  10.3923048454133  15.5884572681199  20.78\n",
       "⎢                                                                             \n",
       "⎢5.19615242270663        0.0         5.19615242270663  10.3923048454133  15.58\n",
       "⎢                                                                             \n",
       "⎢10.3923048454133  5.19615242270663        0.0         5.19615242270663  10.39\n",
       "⎢                                                                             \n",
       "⎢15.5884572681199  10.3923048454133  5.19615242270663        0.0         5.196\n",
       "⎢                                                                             \n",
       "⎣20.7846096908265  15.5884572681199  10.3923048454133  5.19615242270663       \n",
       "\n",
       "46096908265⎤\n",
       "           ⎥\n",
       "84572681199⎥\n",
       "           ⎥\n",
       "23048454133⎥\n",
       "           ⎥\n",
       "15242270663⎥\n",
       "           ⎥\n",
       " 0.0       ⎦"
      ]
     },
     "execution_count": 72,
     "metadata": {},
     "output_type": "execute_result"
    }
   ],
   "source": [
    "Matrix(ssd.squareform(ssd.pdist(A,metric='euclidean')))"
   ]
  },
  {
   "cell_type": "markdown",
   "metadata": {},
   "source": [
    "### Problem 7"
   ]
  },
  {
   "cell_type": "code",
   "execution_count": 78,
   "metadata": {},
   "outputs": [
    {
     "data": {
      "text/latex": [
       "$$\\left[\\begin{matrix}1 & 2 & 3 & 4\\\\5 & 6 & 7 & 8\\\\9 & 10 & 11 & 12\\end{matrix}\\right] \\left[\\begin{matrix}1 & 5 & 9\\\\2 & 6 & 10\\\\3 & 7 & 11\\\\4 & 8 & 12\\end{matrix}\\right] = \\left[\\begin{matrix}30 & 70 & 110\\\\70 & 174 & 278\\\\110 & 278 & 446\\end{matrix}\\right]$$"
      ],
      "text/plain": [
       "                ⎡1  5  9 ⎤                  \n",
       "⎡1  2   3   4 ⎤ ⎢        ⎥   ⎡30   70   110⎤\n",
       "⎢             ⎥ ⎢2  6  10⎥   ⎢             ⎥\n",
       "⎢5  6   7   8 ⎥⋅⎢        ⎥ = ⎢70   174  278⎥\n",
       "⎢             ⎥ ⎢3  7  11⎥   ⎢             ⎥\n",
       "⎣9  10  11  12⎦ ⎢        ⎥   ⎣110  278  446⎦\n",
       "                ⎣4  8  12⎦                  "
      ]
     },
     "execution_count": 78,
     "metadata": {},
     "output_type": "execute_result"
    }
   ],
   "source": [
    "C = np.dot(B,B.T)\n",
    "Eq(Mul(Matrix(B),Matrix(B).T,evaluate=False),\n",
    "Matrix(C),evaluate=False)"
   ]
  },
  {
   "cell_type": "markdown",
   "metadata": {},
   "source": [
    "### Problem 8"
   ]
  },
  {
   "cell_type": "code",
   "execution_count": 83,
   "metadata": {},
   "outputs": [
    {
     "data": {
      "text/latex": [
       "$$\\left[\\begin{matrix}-0.206735891257632 & -0.889153307703033 & 0.408248290463864\\\\-0.518288737899116 & -0.254381834061074 & -0.816496580927726\\\\-0.8298415845406 & 0.380389639580891 & 0.408248290463863\\end{matrix}\\right] \\left[\\begin{matrix}647.03260704469 & 0.0 & 0.0\\\\0.0 & 2.96739295530956 & 0.0\\\\0.0 & 0.0 & 4.87870499398046 \\cdot 10^{-14}\\end{matrix}\\right] \\left[\\begin{matrix}-0.206735891257632 & -0.518288737899116 & -0.8298415845406\\\\-0.889153307703033 & -0.254381834061074 & 0.380389639580891\\\\0.408248290463864 & -0.816496580927726 & 0.408248290463863\\end{matrix}\\right]$$"
      ],
      "text/plain": [
       "⎡-0.206735891257632  -0.889153307703033  0.408248290463864 ⎤ ⎡647.03260704469 \n",
       "⎢                                                          ⎥ ⎢                \n",
       "⎢-0.518288737899116  -0.254381834061074  -0.816496580927726⎥⋅⎢      0.0       \n",
       "⎢                                                          ⎥ ⎢                \n",
       "⎣ -0.8298415845406   0.380389639580891   0.408248290463863 ⎦ ⎣      0.0       \n",
       "\n",
       "       0.0                 0.0         ⎤ ⎡-0.206735891257632  -0.5182887378991\n",
       "                                       ⎥ ⎢                                    \n",
       " 2.96739295530956          0.0         ⎥⋅⎢-0.889153307703033  -0.2543818340610\n",
       "                                       ⎥ ⎢                                    \n",
       "       0.0         4.87870499398046e-14⎦ ⎣0.408248290463864   -0.8164965809277\n",
       "\n",
       "16  -0.8298415845406 ⎤\n",
       "                     ⎥\n",
       "74  0.380389639580891⎥\n",
       "                     ⎥\n",
       "26  0.408248290463863⎦"
      ]
     },
     "execution_count": 83,
     "metadata": {},
     "output_type": "execute_result"
    }
   ],
   "source": [
    "L,Q = np.linalg.eig(C)\n",
    "Mul(Matrix(Q),Matrix(np.diag(L)),Matrix(Q).T,evaluate=False)"
   ]
  },
  {
   "cell_type": "markdown",
   "metadata": {},
   "source": [
    "### Problem 9"
   ]
  },
  {
   "cell_type": "code",
   "execution_count": 85,
   "metadata": {},
   "outputs": [
    {
     "data": {
      "text/latex": [
       "$$\\left[\\begin{matrix}30.0 & 70.0 & 110.0\\\\70.0 & 174.0 & 278.0\\\\110.0 & 278.0 & 446.0\\end{matrix}\\right]$$"
      ],
      "text/plain": [
       "⎡30.0   70.0   110.0⎤\n",
       "⎢                   ⎥\n",
       "⎢70.0   174.0  278.0⎥\n",
       "⎢                   ⎥\n",
       "⎣110.0  278.0  446.0⎦"
      ]
     },
     "execution_count": 85,
     "metadata": {},
     "output_type": "execute_result"
    }
   ],
   "source": [
    "Matrix(np.round(np.dot(np.dot(Q,np.diag(L)),Q.T),12))"
   ]
  },
  {
   "cell_type": "markdown",
   "metadata": {},
   "source": [
    "### Problem 10"
   ]
  },
  {
   "cell_type": "code",
   "execution_count": 86,
   "metadata": {},
   "outputs": [
    {
     "data": {
      "text/latex": [
       "$$\\left[\\begin{matrix}-0.206735891257632 & 0.889153307703034 & 0.408248290463863\\\\-0.518288737899116 & 0.254381834061072 & -0.816496580927726\\\\-0.8298415845406 & -0.38038963958089 & 0.408248290463863\\end{matrix}\\right] \\left[\\begin{matrix}647.03260704469 & 0.0 & 0.0\\\\0.0 & 2.96739295530957 & 0.0\\\\0.0 & 0.0 & 2.01790290563207 \\cdot 10^{-16}\\end{matrix}\\right] \\left[\\begin{matrix}-0.206735891257632 & -0.518288737899116 & -0.8298415845406\\\\0.889153307703034 & 0.254381834061072 & -0.38038963958089\\\\0.408248290463863 & -0.816496580927726 & 0.408248290463863\\end{matrix}\\right]$$"
      ],
      "text/plain": [
       "⎡-0.206735891257632  0.889153307703034  0.408248290463863 ⎤ ⎡647.03260704469  \n",
       "⎢                                                         ⎥ ⎢                 \n",
       "⎢-0.518288737899116  0.254381834061072  -0.816496580927726⎥⋅⎢      0.0        \n",
       "⎢                                                         ⎥ ⎢                 \n",
       "⎣ -0.8298415845406   -0.38038963958089  0.408248290463863 ⎦ ⎣      0.0        \n",
       "\n",
       "      0.0                 0.0         ⎤ ⎡-0.206735891257632  -0.51828873789911\n",
       "                                      ⎥ ⎢                                     \n",
       "2.96739295530957          0.0         ⎥⋅⎢0.889153307703034   0.254381834061072\n",
       "                                      ⎥ ⎢                                     \n",
       "      0.0         2.01790290563207e-16⎦ ⎣0.408248290463863   -0.81649658092772\n",
       "\n",
       "6  -0.8298415845406 ⎤\n",
       "                    ⎥\n",
       "   -0.38038963958089⎥\n",
       "                    ⎥\n",
       "6  0.408248290463863⎦"
      ]
     },
     "execution_count": 86,
     "metadata": {},
     "output_type": "execute_result"
    }
   ],
   "source": [
    "U,S,V = np.linalg.svd(C,full_matrices=True)\n",
    "\n",
    "Mul(Matrix(U),Matrix(np.diag(S)),Matrix(V),evaluate=False)"
   ]
  },
  {
   "cell_type": "markdown",
   "metadata": {},
   "source": [
    "### Problem 11"
   ]
  },
  {
   "cell_type": "code",
   "execution_count": 87,
   "metadata": {},
   "outputs": [
    {
     "data": {
      "text/latex": [
       "$$\\left[\\begin{matrix}30.0 & 70.0 & 110.0\\\\70.0 & 174.0 & 278.0\\\\110.0 & 278.0 & 446.0\\end{matrix}\\right]$$"
      ],
      "text/plain": [
       "⎡30.0   70.0   110.0⎤\n",
       "⎢                   ⎥\n",
       "⎢70.0   174.0  278.0⎥\n",
       "⎢                   ⎥\n",
       "⎣110.0  278.0  446.0⎦"
      ]
     },
     "execution_count": 87,
     "metadata": {},
     "output_type": "execute_result"
    }
   ],
   "source": [
    "Matrix(np.round(np.dot(np.dot(U,np.diag(S)),V),12))"
   ]
  }
 ],
 "metadata": {
  "kernelspec": {
   "display_name": "Python 3",
   "language": "python",
   "name": "python3"
  },
  "language_info": {
   "codemirror_mode": {
    "name": "ipython",
    "version": 3
   },
   "file_extension": ".py",
   "mimetype": "text/x-python",
   "name": "python",
   "nbconvert_exporter": "python",
   "pygments_lexer": "ipython3",
   "version": "3.6.7"
  }
 },
 "nbformat": 4,
 "nbformat_minor": 2
}
